9 1,2 2,1 2,3 2,6 2,7 3,2 3,4 3,5 4,3 5,3 6,2 7,2 7,8 7,9 8,7 9,7 
7 1,2 2,1 2,3 2,6 2,7 3,2 3,4 3,5 4,3 5,3 6,2 7,2 
9 1,2 2,1 2,3 2,4 2,5 3,2 4,2 5,2 5,6 5,7 6,5 7,5 7,8 7,9 8,7 9,7 
11 1,2 2,1 2,3 2,10 2,11 3,2 3,4 3,5 4,3 5,3 5,6 5,7 6,5 7,5 7,8 7,9 8,7 9,7 10,2 11,2 
9 1,2 2,1 2,3 2,4 2,5 3,2 4,2 5,2 5,6 5,7 6,5 7,5 7,8 7,9 8,7 9,7 
13 1,2 1,8 2,1 2,3 2,6 2,7 3,2 3,4 3,5 4,3 5,3 6,2 7,2 8,1 8,9 8,12 8,13 9,8 9,10 9,11 10,9 11,9 12,8 13,8 
13 1,2 1,8 2,1 2,3 2,4 2,5 3,2 4,2 5,2 5,6 5,7 6,5 7,5 8,1 8,9 8,12 8,13 9,8 9,10 9,11 10,9 11,9 12,8 13,8 
11 1,2 2,1 2,3 2,10 2,11 3,2 3,4 3,5 4,3 5,3 5,6 5,7 6,5 7,5 7,8 7,9 8,7 9,7 10,2 11,2 
11 1,2 2,1 2,3 2,6 2,11 3,2 3,4 3,5 4,3 5,3 6,2 6,7 6,8 7,6 8,6 8,9 8,10 9,8 10,8 11,2 
13 1,2 1,8 2,1 2,3 2,4 2,5 3,2 4,2 5,2 5,6 5,7 6,5 7,5 8,1 8,9 8,12 8,13 9,8 9,10 9,11 10,9 11,9 12,8 13,8 
13 1,2 1,3 1,6 1,12 2,1 3,1 3,4 3,5 4,3 5,3 6,1 6,7 6,10 6,11 7,6 7,8 7,9 8,7 9,7 10,6 11,6 12,1 12,13 13,12 
9 1,2 2,1 2,3 2,8 2,9 3,2 3,4 3,5 4,3 5,3 5,6 5,7 6,5 7,5 8,2 9,2 
15 1,2 1,10 2,1 2,3 2,6 2,9 3,2 3,4 3,5 4,3 5,3 6,2 6,7 6,8 7,6 8,6 9,2 10,1 10,11 10,14 10,15 11,10 11,12 11,13 12,11 13,11 14,10 15,10 
9 1,2 2,1 2,3 2,6 2,7 3,2 3,4 3,5 4,3 5,3 6,2 7,2 7,8 7,9 8,7 9,7 
13 1,2 1,8 2,1 2,3 2,6 2,7 3,2 3,4 3,5 4,3 5,3 6,2 7,2 8,1 8,9 8,12 8,13 9,8 9,10 9,11 10,9 11,9 12,8 13,8 
15 1,2 1,4 1,10 2,1 2,3 3,2 4,1 4,5 4,8 4,9 5,4 5,6 5,7 6,5 7,5 8,4 9,4 10,1 10,11 10,14 10,15 11,10 11,12 11,13 12,11 13,11 14,10 15,10 
16 1,2 1,7 2,1 2,3 2,4 2,5 2,6 3,2 4,2 5,2 6,2 7,1 7,8 7,13 7,14 8,7 8,9 8,10 9,8 10,8 10,11 10,12 11,10 12,10 13,7 14,7 14,15 14,16 15,14 16,14 
11 1,2 1,6 2,1 2,3 2,4 2,5 3,2 4,2 5,2 6,1 6,7 6,10 6,11 7,6 7,8 7,9 8,7 9,7 10,6 11,6 
15 1,2 1,8 2,1 2,3 2,4 2,5 3,2 4,2 5,2 5,6 5,7 6,5 7,5 8,1 8,9 8,12 8,13 9,8 9,10 9,11 10,9 11,9 12,8 13,8 13,14 13,15 14,13 15,13 
16 1,2 1,13 2,1 2,3 2,6 2,12 3,2 3,4 3,5 4,3 5,3 6,2 6,7 6,8 7,6 8,6 8,9 8,11 9,8 9,10 10,9 11,8 12,2 13,1 13,14 13,15 13,16 14,13 15,13 16,13 
20 1,2 1,3 1,7 1,17 2,1 3,1 3,4 3,5 3,6 4,3 5,3 6,3 7,1 7,8 7,9 7,16 8,7 9,7 9,10 9,11 10,9 11,9 11,12 11,13 12,11 13,11 13,14 13,15 14,13 15,13 16,7 17,1 17,18 17,19 17,20 18,17 19,17 20,17 
13 1,2 1,3 1,12 2,1 3,1 3,4 3,5 3,8 4,3 5,3 5,6 5,7 6,5 7,5 8,3 8,9 8,11 9,8 9,10 10,9 11,8 12,1 12,13 13,12 
12 1,2 2,1 2,3 2,6 2,12 3,2 3,4 3,5 4,3 5,3 6,2 6,7 6,10 7,6 7,8 7,9 8,7 9,7 10,6 10,11 11,10 12,2 
13 1,2 1,4 1,10 2,1 2,3 3,2 4,1 4,5 4,8 4,9 5,4 5,6 5,7 6,5 7,5 8,4 9,4 10,1 10,11 10,12 10,13 11,10 12,10 13,10 
9 1,2 2,1 2,3 2,6 2,7 3,2 3,4 3,5 4,3 5,3 6,2 7,2 7,8 7,9 8,7 9,7 
9 1,2 2,1 2,3 2,6 2,7 3,2 3,4 3,5 4,3 5,3 6,2 7,2 7,8 7,9 8,7 9,7 
11 1,2 1,6 2,1 2,3 2,4 2,5 3,2 4,2 5,2 6,1 6,7 6,8 6,9 7,6 8,6 9,6 9,10 9,11 10,9 11,9 
13 1,2 1,8 2,1 2,3 2,6 2,7 3,2 3,4 3,5 4,3 5,3 6,2 7,2 8,1 8,9 8,10 8,11 9,8 10,8 11,8 11,12 11,13 12,11 13,11 
9 1,2 2,1 2,3 2,4 2,9 3,2 4,2 4,5 4,6 5,4 6,4 6,7 6,8 7,6 8,6 9,2 
11 1,2 2,1 2,3 2,10 2,11 3,2 3,4 3,9 4,3 4,5 4,8 5,4 5,6 5,7 6,5 7,5 8,4 9,3 10,2 11,2 
8 1,2 1,3 1,7 2,1 3,1 3,4 3,5 3,6 4,3 5,3 6,3 7,1 7,8 8,7 
7 1,2 2,1 2,3 2,6 2,7 3,2 3,4 3,5 4,3 5,3 6,2 7,2 
9 1,2 1,6 2,1 2,3 2,4 2,5 3,2 4,2 5,2 6,1 6,7 6,8 6,9 7,6 8,6 9,6 
7 1,2 2,1 2,3 2,6 2,7 3,2 3,4 3,5 4,3 5,3 6,2 7,2 
7 1,2 2,1 2,3 2,6 2,7 3,2 3,4 3,5 4,3 5,3 6,2 7,2 
9 1,2 1,6 2,1 2,3 2,4 2,5 3,2 4,2 5,2 6,1 6,7 6,8 6,9 7,6 8,6 9,6 
9 1,2 1,6 2,1 2,3 3,2 3,4 3,5 4,3 5,3 6,1 6,7 6,8 6,9 7,6 8,6 9,6 
10 1,2 1,3 1,7 2,1 3,1 3,4 3,5 3,6 4,3 5,3 6,3 7,1 7,8 8,7 8,9 8,10 9,8 10,8 
9 1,2 1,6 2,1 2,3 2,4 2,5 3,2 4,2 5,2 6,1 6,7 6,8 6,9 7,6 8,6 9,6 
8 1,2 1,5 2,1 2,3 2,4 3,2 4,2 5,1 5,6 5,7 5,8 6,5 7,5 8,5 
10 1,2 1,5 2,1 2,3 2,4 3,2 4,2 5,1 5,6 5,9 5,10 6,5 6,7 6,8 7,6 8,6 9,5 10,5 
8 1,2 1,6 2,1 2,3 2,4 2,5 3,2 4,2 5,2 6,1 6,7 6,8 7,6 8,6 
9 1,2 1,6 2,1 2,3 2,4 2,5 3,2 4,2 5,2 6,1 6,7 6,8 6,9 7,6 8,6 9,6 
9 1,2 1,6 2,1 2,3 2,4 2,5 3,2 4,2 5,2 6,1 6,7 6,8 6,9 7,6 8,6 9,6 
5 1,2 2,1 2,3 2,4 2,5 3,2 4,2 5,2 
11 1,2 2,1 2,3 2,4 2,5 3,2 4,2 5,2 5,6 5,11 6,5 6,7 6,10 7,6 7,8 7,9 8,7 9,7 10,6 11,5 
12 1,2 2,1 2,3 2,6 2,12 3,2 3,4 3,5 4,3 5,3 6,2 6,7 6,8 6,11 7,6 8,6 8,9 8,10 9,8 10,8 11,6 12,2 
9 1,2 2,1 2,3 2,6 2,7 3,2 3,4 3,5 4,3 5,3 6,2 7,2 7,8 7,9 8,7 9,7 
13 1,2 2,1 2,3 2,6 2,7 3,2 3,4 3,5 4,3 5,3 6,2 7,2 7,8 7,13 8,7 8,9 8,10 9,8 10,8 10,11 10,12 11,10 12,10 13,7 
11 1,2 1,10 2,1 2,3 2,4 2,9 3,2 4,2 4,5 4,8 5,4 5,6 5,7 6,5 7,5 8,4 9,2 10,1 10,11 11,10 
11 1,2 2,1 2,3 2,4 2,5 3,2 4,2 5,2 5,6 5,11 6,5 6,7 6,8 7,6 8,6 8,9 8,10 9,8 10,8 11,5 
13 1,2 1,10 2,1 2,3 2,4 2,9 3,2 4,2 4,5 4,6 5,4 6,4 6,7 6,8 7,6 8,6 9,2 10,1 10,11 10,12 10,13 11,10 12,10 13,10 
13 1,2 2,1 2,3 2,4 2,13 3,2 4,2 4,5 4,6 5,4 6,4 6,7 6,8 7,6 8,6 8,9 8,10 9,8 10,8 10,11 10,12 11,10 12,10 13,2 
13 1,2 1,10 2,1 2,3 2,6 2,7 3,2 3,4 3,5 4,3 5,3 6,2 7,2 7,8 7,9 8,7 9,7 10,1 10,11 10,12 10,13 11,10 12,10 13,10 
11 1,2 2,1 2,3 2,6 2,11 3,2 3,4 3,5 4,3 5,3 6,2 6,7 6,8 7,6 8,6 8,9 8,10 9,8 10,8 11,2 
10 1,2 1,3 1,7 2,1 3,1 3,4 3,5 3,6 4,3 5,3 6,3 7,1 7,8 8,7 8,9 8,10 9,8 10,8 
11 1,2 1,8 2,1 2,3 2,4 2,5 3,2 4,2 5,2 5,6 5,7 6,5 7,5 8,1 8,9 8,10 8,11 9,8 10,8 11,8 
11 1,2 1,8 2,1 2,3 2,4 2,5 3,2 4,2 5,2 5,6 5,7 6,5 7,5 8,1 8,9 8,10 8,11 9,8 10,8 11,8 
15 1,2 1,12 2,1 2,3 2,4 2,7 3,2 4,2 4,5 4,6 5,4 6,4 7,2 7,8 7,9 8,7 9,7 9,10 9,11 10,9 11,9 12,1 12,13 12,14 12,15 13,12 14,12 15,12 
13 1,2 1,10 2,1 2,3 2,4 2,7 3,2 4,2 4,5 4,6 5,4 6,4 7,2 7,8 7,9 8,7 9,7 10,1 10,11 10,12 10,13 11,10 12,10 13,10 
11 1,2 2,1 2,3 2,10 2,11 3,2 3,4 3,9 4,3 4,5 4,8 5,4 5,6 5,7 6,5 7,5 8,4 9,3 10,2 11,2 
11 1,2 2,1 2,3 2,10 2,11 3,2 3,4 3,9 4,3 4,5 4,8 5,4 5,6 5,7 6,5 7,5 8,4 9,3 10,2 11,2 
12 1,2 2,1 2,3 2,8 2,9 3,2 3,4 3,7 4,3 4,5 4,6 5,4 6,4 7,3 8,2 9,2 9,10 9,12 10,9 10,11 11,10 12,9 
10 1,2 2,1 2,3 2,9 2,10 3,2 3,4 3,7 3,8 4,3 4,5 4,6 5,4 6,4 7,3 8,3 9,2 10,2 
13 1,2 2,1 2,3 2,10 2,11 3,2 3,4 3,9 4,3 4,5 4,8 5,4 5,6 5,7 6,5 7,5 8,4 9,3 10,2 11,2 11,12 11,13 12,11 13,11 
12 1,2 2,1 2,3 2,11 2,12 3,2 3,4 3,10 4,3 4,5 4,8 5,4 5,6 5,7 6,5 7,5 8,4 8,9 9,8 10,3 11,2 12,2 
12 1,2 2,1 2,3 2,7 2,12 3,2 3,4 3,5 4,3 5,3 5,6 6,5 7,2 7,8 7,9 8,7 9,7 9,10 9,11 10,9 11,9 12,2 
13 1,2 2,1 2,3 2,6 2,9 3,2 3,4 3,5 4,3 5,3 6,2 6,7 6,8 7,6 8,6 9,2 9,10 9,11 10,9 11,9 11,12 11,13 12,11 13,11 
13 1,2 2,1 2,3 2,10 2,11 3,2 3,4 3,9 4,3 4,5 4,8 5,4 5,6 5,7 6,5 7,5 8,4 9,3 10,2 11,2 11,12 11,13 12,11 13,11 
10 1,2 2,1 2,3 2,9 2,10 3,2 3,4 3,5 3,8 4,3 5,3 5,6 5,7 6,5 7,5 8,3 9,2 10,2 
11 1,2 2,1 2,3 2,10 2,11 3,2 3,4 3,9 4,3 4,5 4,8 5,4 5,6 5,7 6,5 7,5 8,4 9,3 10,2 11,2 
11 1,2 2,1 2,3 2,10 2,11 3,2 3,4 3,7 4,3 4,5 4,6 5,4 6,4 7,3 7,8 7,9 8,7 9,7 10,2 11,2 
10 1,2 2,1 2,3 2,6 2,9 2,10 3,2 3,4 3,5 4,3 5,3 6,2 6,7 6,8 7,6 8,6 9,2 10,2 
13 1,2 2,1 2,3 2,6 2,7 3,2 3,4 3,5 4,3 5,3 6,2 7,2 7,8 7,13 8,7 8,9 8,12 9,8 9,10 9,11 10,9 11,9 12,8 13,7 
11 1,2 2,1 2,3 2,10 2,11 3,2 3,4 3,9 4,3 4,5 4,6 5,4 6,4 6,7 6,8 7,6 8,6 9,3 10,2 11,2 
20 1,2 1,3 1,4 1,10 1,16 1,19 2,1 3,1 4,1 4,5 4,6 4,9 5,4 6,4 6,7 6,8 7,6 8,6 9,4 10,1 10,11 10,12 10,13 11,10 12,10 13,10 13,14 13,15 14,13 15,13 16,1 16,17 16,18 17,16 18,16 19,1 19,20 20,19 
27 1,2 1,3 1,4 1,10 1,16 1,22 1,26 2,1 3,1 4,1 4,5 4,8 4,9 5,4 5,6 5,7 6,5 7,5 8,4 9,4 10,1 10,11 10,12 10,13 11,10 12,10 13,10 13,14 13,15 14,13 15,13 16,1 16,17 16,18 16,19 17,16 18,16 19,16 19,20 19,21 20,19 21,19 22,1 22,23 22,24 22,25 23,22 24,22 25,22 26,1 26,27 27,26 
29 1,2 1,3 1,4 1,8 1,16 1,22 1,26 1,28 2,1 3,1 4,1 4,5 4,6 4,7 5,4 6,4 7,4 8,1 8,9 8,12 8,13 9,8 9,10 9,11 10,9 11,9 12,8 13,8 13,14 13,15 14,13 15,13 16,1 16,17 16,18 16,21 17,16 18,16 18,19 18,20 19,18 20,18 21,16 22,1 22,23 22,24 22,25 23,22 24,22 25,22 26,1 26,27 27,26 28,1 28,29 29,28 
30 1,2 1,3 1,4 1,16 1,22 1,26 1,29 2,1 3,1 4,1 4,5 4,10 4,11 5,4 5,6 5,7 6,5 7,5 7,8 7,9 8,7 9,7 10,4 11,4 11,12 11,15 12,11 12,13 12,14 13,12 14,12 15,11 16,1 16,17 16,18 16,21 17,16 18,16 18,19 18,20 19,18 20,18 21,16 22,1 22,23 22,24 22,25 23,22 24,22 25,22 26,1 26,27 26,28 27,26 28,26 29,1 29,30 30,29 
11 1,2 2,1 2,3 2,6 2,7 3,2 3,4 3,5 4,3 5,3 6,2 7,2 7,8 7,9 8,7 9,7 9,10 9,11 10,9 11,9 
21 1,2 1,3 1,4 1,18 1,20 2,1 3,1 4,1 4,5 4,10 4,15 5,4 5,6 5,9 6,5 6,7 6,8 7,6 8,6 9,5 10,4 10,11 10,12 11,10 12,10 12,13 12,14 13,12 14,12 15,4 15,16 15,17 16,15 17,15 18,1 18,19 19,18 20,1 20,21 21,20 
20 1,2 1,8 1,14 1,17 2,1 2,3 2,4 2,5 3,2 4,2 5,2 5,6 5,7 6,5 7,5 8,1 8,9 8,12 8,13 9,8 9,10 9,11 10,9 11,9 12,8 13,8 14,1 14,15 14,16 15,14 16,14 17,1 17,18 17,19 17,20 18,17 19,17 20,17 
25 1,2 1,3 1,4 1,11 1,17 1,24 2,1 3,1 4,1 4,5 4,8 4,10 5,4 5,6 5,7 6,5 7,5 8,4 8,9 9,8 10,4 11,1 11,12 11,13 11,14 12,11 13,11 14,11 14,15 14,16 15,14 16,14 17,1 17,18 17,19 17,20 18,17 19,17 20,17 20,21 20,22 21,20 22,20 22,23 23,22 24,1 24,25 25,24 
17 1,2 1,8 2,1 2,3 2,6 2,7 3,2 3,4 3,5 4,3 5,3 6,2 7,2 8,1 8,9 8,10 8,15 9,8 10,8 10,11 10,12 11,10 12,10 12,13 12,14 13,12 14,12 15,8 15,16 15,17 16,15 17,15 
17 1,2 1,6 2,1 2,3 2,4 2,5 3,2 4,2 5,2 6,1 6,7 6,8 6,13 7,6 8,6 8,9 8,12 9,8 9,10 9,11 10,9 11,9 12,8 13,6 13,14 13,17 14,13 14,15 14,16 15,14 16,14 17,13 
18 1,2 1,8 2,1 2,3 2,6 2,7 3,2 3,4 3,5 4,3 5,3 6,2 7,2 8,1 8,9 8,10 8,15 9,8 10,8 10,11 10,12 11,10 12,10 12,13 12,14 13,12 14,12 15,8 15,16 15,17 16,15 17,15 17,18 18,17 
22 1,2 1,3 1,6 1,7 1,8 1,16 1,19 1,21 2,1 3,1 3,4 3,5 4,3 5,3 6,1 7,1 8,1 8,9 8,12 8,15 9,8 9,10 9,11 10,9 11,9 12,8 12,13 12,14 13,12 14,12 15,8 16,1 16,17 16,18 17,16 18,16 19,1 19,20 20,19 21,1 21,22 22,21 
19 1,2 1,8 1,14 2,1 2,3 2,6 2,7 3,2 3,4 3,5 4,3 5,3 6,2 7,2 8,1 8,9 8,10 8,11 9,8 10,8 11,8 11,12 11,13 12,11 13,11 14,1 14,15 15,14 15,16 15,19 16,15 16,17 16,18 17,16 18,16 19,15 
29 1,2 1,8 1,13 1,19 1,23 1,27 2,1 2,3 2,6 2,7 3,2 3,4 3,5 4,3 5,3 6,2 7,2 8,1 8,9 8,10 8,11 9,8 10,8 11,8 11,12 12,11 13,1 13,14 13,15 13,16 14,13 15,13 16,13 16,17 16,18 17,16 18,16 19,1 19,20 19,21 19,22 20,19 21,19 22,19 23,1 23,24 23,25 23,26 24,23 25,23 26,23 27,1 27,28 27,29 28,27 29,27 
18 1,2 1,17 2,1 2,3 2,10 2,16 3,2 3,4 3,9 4,3 4,5 4,8 5,4 5,6 5,7 6,5 7,5 8,4 9,3 10,2 10,11 10,14 11,10 11,12 11,13 12,11 13,11 14,10 14,15 15,14 16,2 17,1 17,18 18,17 
26 1,2 1,6 1,12 1,23 2,1 2,3 2,4 2,5 3,2 4,2 5,2 6,1 6,7 6,8 6,9 7,6 8,6 9,6 9,10 9,11 10,9 11,9 12,1 12,13 12,16 12,19 13,12 13,14 13,15 14,13 15,13 16,12 16,17 16,18 17,16 18,16 19,12 19,20 19,21 19,22 20,19 21,19 22,19 23,1 23,24 23,25 23,26 24,23 25,23 26,23 
33 1,2 1,16 1,24 1,30 2,1 2,3 2,10 2,13 3,2 3,4 3,9 4,3 4,5 4,8 5,4 5,6 5,7 6,5 7,5 8,4 9,3 10,2 10,11 10,12 11,10 12,10 13,2 13,14 13,15 14,13 15,13 16,1 16,17 16,18 16,19 17,16 18,16 19,16 19,20 19,23 20,19 20,21 20,22 21,20 22,20 23,19 24,1 24,25 24,26 24,27 25,24 26,24 27,24 27,28 27,29 28,27 29,27 30,1 30,31 30,32 30,33 31,30 32,30 33,30 
15 1,2 1,3 1,4 1,14 2,1 3,1 4,1 4,5 4,8 4,9 5,4 5,6 5,7 6,5 7,5 8,4 9,4 9,10 9,13 10,9 10,11 10,12 11,10 12,10 13,9 14,1 14,15 15,14 
15 1,2 1,12 2,1 2,3 2,8 2,9 3,2 3,4 3,5 4,3 5,3 5,6 5,7 6,5 7,5 8,2 9,2 9,10 9,11 10,9 11,9 12,1 12,13 12,14 12,15 13,12 14,12 15,12 
21 1,2 1,3 1,4 1,8 1,16 1,20 2,1 3,1 4,1 4,5 4,6 4,7 5,4 6,4 7,4 8,1 8,9 8,12 8,15 9,8 9,10 9,11 10,9 11,9 12,8 12,13 12,14 13,12 14,12 15,8 16,1 16,17 16,18 16,19 17,16 18,16 19,16 20,1 20,21 21,20 
32 1,2 1,3 1,11 1,21 1,25 1,31 2,1 3,1 3,4 3,5 3,7 4,3 5,3 5,6 6,5 7,3 7,8 7,10 8,7 8,9 9,8 10,7 11,1 11,12 11,19 11,20 12,11 12,13 12,18 13,12 13,14 13,17 14,13 14,15 14,16 15,14 16,14 17,13 18,12 19,11 20,11 21,1 21,22 21,23 21,24 22,21 23,21 24,21 25,1 25,26 25,27 25,28 26,25 27,25 28,25 28,29 28,30 29,28 30,28 31,1 31,32 32,31 
26 1,2 1,17 1,23 2,1 2,3 2,4 2,9 2,16 3,2 4,2 4,5 4,8 5,4 5,6 5,7 6,5 7,5 8,4 9,2 9,10 9,11 10,9 11,9 11,12 11,13 12,11 13,11 13,14 13,15 14,13 15,13 16,2 17,1 17,18 17,19 17,20 18,17 19,17 20,17 20,21 20,22 21,20 22,20 23,1 23,24 23,25 23,26 24,23 25,23 26,23 
18 1,2 1,6 2,1 2,3 2,4 2,5 3,2 4,2 5,2 6,1 6,7 6,8 6,12 7,6 8,6 8,9 8,11 9,8 9,10 10,9 11,8 12,6 12,13 12,16 13,12 13,14 13,15 14,13 15,13 16,12 16,17 16,18 17,16 18,16 
21 1,2 1,16 2,1 2,3 2,4 2,7 3,2 4,2 4,5 4,6 5,4 6,4 7,2 7,8 7,13 8,7 8,9 8,12 9,8 9,10 9,11 10,9 11,9 12,8 13,7 13,14 13,15 14,13 15,13 16,1 16,17 16,18 16,19 17,16 18,16 19,16 19,20 19,21 20,19 21,19 
32 1,2 1,3 1,4 1,5 1,6 1,20 1,26 1,29 1,31 2,1 3,1 4,1 5,1 6,1 6,7 6,14 6,15 7,6 7,8 7,13 8,7 8,9 8,12 9,8 9,10 9,11 10,9 11,9 12,8 13,7 14,6 15,6 15,16 15,19 16,15 16,17 16,18 17,16 18,16 19,15 20,1 20,21 20,22 20,25 21,20 22,20 22,23 22,24 23,22 24,22 25,20 26,1 26,27 26,28 27,26 28,26 29,1 29,30 30,29 31,1 31,32 32,31 
14 1,2 1,11 2,1 2,3 2,6 2,7 2,10 3,2 3,4 3,5 4,3 5,3 6,2 7,2 7,8 7,9 8,7 9,7 10,2 11,1 11,12 11,13 11,14 12,11 13,11 14,11 
31 1,2 1,3 1,4 1,12 1,20 1,24 1,30 2,1 3,1 4,1 4,5 4,10 4,11 5,4 5,6 5,9 6,5 6,7 6,8 7,6 8,6 9,5 10,4 11,4 12,1 12,13 12,18 12,19 13,12 13,14 13,17 14,13 14,15 14,16 15,14 16,14 17,13 18,12 19,12 20,1 20,21 20,22 20,23 21,20 22,20 23,20 24,1 24,25 24,26 24,27 25,24 26,24 27,24 27,28 27,29 28,27 29,27 30,1 30,31 31,30 
18 1,2 1,15 2,1 2,3 2,9 2,12 3,2 3,4 3,8 4,3 4,5 4,7 5,4 5,6 6,5 7,4 8,3 9,2 9,10 9,11 10,9 11,9 12,2 12,13 12,14 13,12 14,12 15,1 15,16 15,17 15,18 16,15 17,15 18,15 
19 1,2 1,14 2,1 2,3 2,7 2,8 2,9 3,2 3,4 3,6 4,3 4,5 5,4 6,3 7,2 8,2 9,2 9,10 9,11 10,9 11,9 11,12 12,11 12,13 13,12 14,1 14,15 14,16 14,17 15,14 16,14 17,14 17,18 17,19 18,17 19,17 
21 1,2 1,12 2,1 2,3 2,8 2,11 3,2 3,4 3,5 4,3 5,3 5,6 5,7 6,5 7,5 8,2 8,9 8,10 9,8 10,8 11,2 12,1 12,13 12,16 12,19 13,12 13,14 13,15 14,13 15,13 16,12 16,17 16,18 17,16 18,16 19,12 19,20 19,21 20,19 21,19 
13 1,2 1,4 1,10 2,1 2,3 3,2 4,1 4,5 4,8 4,9 5,4 5,6 5,7 6,5 7,5 8,4 9,4 10,1 10,11 10,12 10,13 11,10 12,10 13,10 
12 1,2 1,4 1,9 2,1 2,3 3,2 4,1 4,5 4,6 4,7 4,8 5,4 6,4 7,4 8,4 9,1 9,10 9,11 9,12 10,9 11,9 12,9 
18 1,2 1,3 1,4 1,5 1,7 1,13 1,17 2,1 3,1 4,1 5,1 5,6 6,5 7,1 7,8 7,11 7,12 8,7 8,9 8,10 9,8 10,8 11,7 12,7 13,1 13,14 13,15 13,16 14,13 15,13 16,13 17,1 17,18 18,17 
17 1,2 1,3 1,4 1,6 1,11 1,16 2,1 3,1 4,1 4,5 5,4 6,1 6,7 6,8 6,9 6,10 7,6 8,6 9,6 10,6 11,1 11,12 11,13 11,15 12,11 13,11 13,14 14,13 15,11 16,1 16,17 17,16 
14 1,2 1,4 1,9 2,1 2,3 3,2 4,1 4,5 4,6 4,7 4,8 5,4 6,4 7,4 8,4 9,1 9,10 9,11 9,12 10,9 11,9 12,9 12,13 12,14 13,12 14,12 
15 1,2 1,4 1,10 2,1 2,3 3,2 4,1 4,5 4,6 4,7 5,4 6,4 7,4 7,8 7,9 8,7 9,7 10,1 10,11 10,12 10,15 11,10 12,10 12,13 12,14 13,12 14,12 15,10 
14 1,2 1,4 1,9 2,1 2,3 3,2 4,1 4,5 4,6 4,7 4,8 5,4 6,4 7,4 8,4 9,1 9,10 9,11 9,14 10,9 11,9 11,12 11,13 12,11 13,11 14,9 
17 1,2 1,3 1,6 1,11 1,14 1,16 2,1 3,1 3,4 3,5 4,3 5,3 6,1 6,7 6,8 6,9 6,10 7,6 8,6 9,6 10,6 11,1 11,12 11,13 12,11 13,11 14,1 14,15 15,14 16,1 16,17 17,16 
15 1,2 1,8 1,10 1,12 2,1 2,3 2,4 2,7 3,2 4,2 4,5 4,6 5,4 6,4 7,2 8,1 8,9 9,8 10,1 10,11 11,10 12,1 12,13 12,14 12,15 13,12 14,12 15,12 
14 1,2 1,3 1,9 2,1 3,1 3,4 3,7 3,8 4,3 4,5 4,6 5,4 6,4 7,3 8,3 9,1 9,10 9,11 9,14 10,9 11,9 11,12 11,13 12,11 13,11 14,9 
19 1,2 1,3 1,6 1,10 1,18 2,1 3,1 3,4 3,5 4,3 5,3 6,1 6,7 6,8 6,9 7,6 8,6 9,6 10,1 10,11 10,13 10,16 11,10 11,12 12,11 13,10 13,14 13,15 14,13 15,13 16,10 16,17 17,16 18,1 18,19 19,18 
21 1,2 1,3 1,4 1,11 1,14 1,18 1,20 2,1 3,1 4,1 4,5 4,8 5,4 5,6 5,7 6,5 7,5 8,4 8,9 8,10 9,8 10,8 11,1 11,12 11,13 12,11 13,11 14,1 14,15 14,16 14,17 15,14 16,14 17,14 18,1 18,19 19,18 20,1 20,21 21,20 
16 1,2 1,3 1,8 1,10 1,15 2,1 3,1 3,4 3,7 4,3 4,5 4,6 5,4 6,4 7,3 8,1 8,9 9,8 10,1 10,11 10,12 10,13 10,14 11,10 12,10 13,10 14,10 15,1 15,16 16,15 
16 1,2 1,3 1,4 1,6 1,11 1,15 2,1 3,1 4,1 4,5 5,4 6,1 6,7 6,8 6,9 6,10 7,6 8,6 9,6 10,6 11,1 11,12 11,13 11,14 12,11 13,11 14,11 15,1 15,16 16,15 
15 1,2 1,4 1,10 2,1 2,3 3,2 4,1 4,5 4,8 4,9 5,4 5,6 5,7 6,5 7,5 8,4 9,4 10,1 10,11 10,12 10,15 11,10 12,10 12,13 12,14 13,12 14,12 15,10 
7 1,2 2,1 2,3 2,6 2,7 3,2 3,4 3,5 4,3 5,3 6,2 7,2 
6 1,2 2,1 2,3 2,4 2,5 2,6 3,2 4,2 5,2 6,2 
7 1,2 2,1 2,3 2,6 2,7 3,2 3,4 3,5 4,3 5,3 6,2 7,2 
7 1,2 2,1 2,3 2,4 2,7 3,2 4,2 4,5 4,6 5,4 6,4 7,2 
7 1,2 2,1 2,3 2,6 2,7 3,2 3,4 3,5 4,3 5,3 6,2 7,2 
7 1,2 2,1 2,3 2,4 2,7 3,2 4,2 4,5 4,6 5,4 6,4 7,2 
6 1,2 2,1 2,3 2,4 2,5 2,6 3,2 4,2 5,2 6,2 
7 1,2 2,1 2,3 2,4 2,5 3,2 4,2 5,2 5,6 5,7 6,5 7,5 
7 1,2 2,1 2,3 2,4 2,5 3,2 4,2 5,2 5,6 5,7 6,5 7,5 
11 1,2 1,8 1,10 2,1 2,3 2,4 2,5 3,2 4,2 5,2 5,6 5,7 6,5 7,5 8,1 8,9 9,8 10,1 10,11 11,10 
11 1,2 1,3 1,4 1,10 2,1 3,1 4,1 4,5 4,8 4,9 5,4 5,6 5,7 6,5 7,5 8,4 9,4 10,1 10,11 11,10 
10 1,2 1,3 1,9 2,1 3,1 3,4 3,5 3,6 4,3 5,3 6,3 6,7 6,8 7,6 8,6 9,1 9,10 10,9 
10 1,2 1,5 1,9 2,1 2,3 2,4 3,2 4,2 5,1 5,6 5,7 5,8 6,5 7,5 8,5 9,1 9,10 10,9 
7 1,2 2,1 2,3 2,4 2,5 3,2 4,2 5,2 5,6 5,7 6,5 7,5 
7 1,2 2,1 2,3 2,6 2,7 3,2 3,4 3,5 4,3 5,3 6,2 7,2 
9 1,2 2,1 2,3 2,4 2,5 3,2 4,2 5,2 5,6 5,9 6,5 6,7 6,8 7,6 8,6 9,5 
9 1,2 2,1 2,3 2,4 2,5 3,2 4,2 5,2 5,6 5,7 6,5 7,5 7,8 7,9 8,7 9,7 
7 1,2 2,1 2,3 2,4 2,5 2,7 3,2 4,2 5,2 5,6 6,5 7,2 
4 1,2 1,3 2,1 3,1 3,4 4,3 
7 1,2 2,1 2,3 2,4 2,7 3,2 4,2 4,5 4,6 5,4 6,4 7,2 
9 1,2 2,1 2,3 2,8 2,9 3,2 3,4 3,7 4,3 4,5 4,6 5,4 6,4 7,3 8,2 9,2 
8 1,2 2,1 2,3 2,7 2,8 3,2 3,4 3,5 3,6 4,3 5,3 6,3 7,2 8,2 
9 1,2 2,1 2,3 2,8 2,9 3,2 3,4 3,7 4,3 4,5 4,6 5,4 6,4 7,3 8,2 9,2 
9 1,2 1,3 2,1 3,1 3,4 4,3 4,5 4,8 4,9 5,4 5,6 5,7 6,5 7,5 8,4 9,4 
9 1,2 2,1 2,3 2,8 2,9 3,2 3,4 3,7 4,3 4,5 4,6 5,4 6,4 7,3 8,2 9,2 
8 1,2 2,1 2,3 2,7 2,8 3,2 3,4 3,6 4,3 4,5 5,4 6,3 7,2 8,2 
9 1,2 2,1 2,3 2,4 2,9 3,2 4,2 4,5 4,6 5,4 6,4 6,7 6,8 7,6 8,6 9,2 
11 1,2 2,1 2,3 2,10 2,11 3,2 3,4 3,9 4,3 4,5 4,8 5,4 5,6 5,7 6,5 7,5 8,4 9,3 10,2 11,2 
8 1,2 1,7 2,1 2,3 2,4 3,2 4,2 4,5 4,6 5,4 6,4 7,1 7,8 8,7 
9 1,2 2,1 2,3 2,9 3,2 3,4 3,5 3,8 4,3 5,3 5,6 5,7 6,5 7,5 8,3 9,2 
